1,501
2,501
3,501
4,501
5,501
6,502
7,502
8,502
9,502
10,502
11,503
12,503
13,504
14,504
15,504
16,505
17,505
18,505
19,505
20,505
21,506
22,506
23,506
24,506
25,507
26,507
27,507
28,508
29,509
30,510
31,510
32,510
33,511
34,511
35,511
36,511
37,511
38,512
39,512
40,512
41,513
42,513
43,513
44,513
45,514
46,514
47,515
48,516
49,517
50,517
51,518
52,519
53,519
54,519
55,519
56,519
57,520
58,520
59,520
60,520
61,521
62,522
63,522
64,522
65,522
66,523
67,523
68,524
69,524
70,525
71,525
72,525
73,525
74,525
75,526
76,526
77,526
78,527
79,527
80,527
81,527
82,528
83,528
84,528
85,528
86,529
87,529
88,529
89,529
90,530
91,530
92,530
93,530
94,531
95,531
96,531
97,531
98,532
99,532
100,533
101,533
102,533
103,533
104,533
105,534
106,534
107,534
108,534
109,535
110,535
111,535
112,536
113,536
114,536
115,536
116,536
117,537
118,537
119,537
120,537
121,537
122,538
123,538
124,539
125,539
126,540
127,540
128,541
129,542
130,542
131,543
132,543
133,544
134,544
135,544
136,544
137,544
138,545
139,546
140,547
141,547
142,547
143,548
144,548
145,549
146,549
147,550
148,550
149,551
150,551
151,551
152,551
153,552
154,552
155,552
156,553
157,553
158,553
159,554
160,554
161,554
162,554
163,554
164,555
165,555
166,555
167,555
168,555
169,556
170,556
171,556
172,557
173,557
174,558
175,559
176,559
177,559
178,560
179,560
180,560
181,560
182,561
183,561
184,561
185,561
186,561
187,562
188,562
189,562
190,562
191,563
192,564
193,564
194,564
195,565
196,565
197,565
198,566
199,566
200,566
201,566
202,566
203,567
204,567
205,567
206,567
207,568
208,568
209,568
210,569
211,569
212,569
213,569
214,569
215,570
216,570
217,571
218,571
219,571
220,572
221,573
222,573
223,573
224,574
225,574
226,574
227,575
228,575
229,575
230,576
231,576
232,576
233,576
234,577
235,577
236,577
237,577
238,578
239,578
240,578
241,579
242,580
243,580
244,580
245,580
246,580
247,581
248,581
249,581
250,581
251,581
252,582
253,583
254,583
255,584
256,584
257,584
258,584
259,585
260,586
261,587
262,587
263,587
264,588
265,588
266,588
267,588
268,588
269,589
270,590
271,590
272,591
273,591
274,591
275,591
276,591
277,592
278,592
279,593
280,593
281,593
282,594
283,594
284,594
285,594
286,594
287,595
288,595
289,595
290,595
291,595
292,596
293,596
294,596
295,597
296,597
297,597
298,597
299,597
300,598
301,598
302,598
303,599
304,599
305,599
306,600
307,600
308,601
309,601
310,602
311,603
312,603
313,603
314,603
315,603
316,604
317,605
318,605
319,605
320,605
321,605
322,606
323,606
324,606
325,606
326,606
327,607
328,607
329,608
330,609
331,609
332,609
333,610
334,610
335,610
336,610
337,610
338,611
339,612
340,612
341,613
342,613
343,613
344,613
345,614
346,614
347,614
348,614
349,614
350,615
351,616
352,617
353,617
354,617
355,618
356,618
357,618
358,618
359,618
360,619
361,619
362,619
363,619
364,619
365,620
366,621
367,622
368,622
369,622
370,623
371,624
372,625
373,625
374,625
375,626
376,626
377,626
378,626
379,626
380,627
381,627
382,627
383,627
384,628
385,629
386,629
387,629
388,630
389,630
390,631
391,632
392,632
393,633
394,633
395,633
396,634
397,634
398,634
399,634
400,635
401,635
402,635
403,636
404,636
405,636
406,636
407,636
408,637
409,637
410,637
411,637
412,637
413,638
414,638
415,638
416,638
417,638
418,639
419,639
420,639
421,639
422,640
423,640
424,641
425,641
426,641
427,642
428,642
429,642
430,643
431,643
432,643
433,643
434,644
435,644
436,644
437,644
438,644
439,645
440,646
441,646
442,646
443,646
444,646
445,647
446,647
447,647
448,648
449,649
450,649
451,649
452,649
453,650
454,650
455,651
456,651
457,651
458,652
459,652
460,652
461,652
462,652
463,653
464,653
465,653
466,654
467,654
468,654
501,655
502,655
503,656
504,656
505,657
506,657
507,657
508,657
509,658
510,658
511,659
512,659
513,659
514,659
515,660
516,660
517,660
518,661
519,661
520,661
521,662
522,663
523,663
524,663
525,663
526,664
527,664
528,664
529,664
530,665
531,665
532,665
533,665
534,666
535,666
536,666
537,667
538,667
539,667
540,667
541,667
542,668
543,668
544,668
545,668
546,668
547,669
548,670
549,670
550,670
551,670
552,670
553,671
554,672
555,672
556,672
557,672
558,673
559,673
560,673
561,673
562,674
563,674
564,675
565,675
566,675
567,675
568,675
569,676
570,676
571,676
572,677
573,678
574,678
575,678
576,679
577,679
578,679
579,680
580,680
581,680
582,681
583,681
584,681
585,682
586,682
587,682
588,683
589,683
590,683
591,683
592,684
593,684
594,684
595,685
596,685
597,685
598,686
599,687
600,687
601,688
602,688
603,689
604,689
605,689
606,690
607,690
608,690
609,691
610,692
611,692
612,692
613,692
614,692
615,693
616,694
617,694
618,694
619,694
620,695
621,695
622,696
623,696
624,696
625,696
626,697
627,698
628,698
629,698
630,698
631,698
632,699
633,699
634,699
635,699
636,699
637,700
638,700
639,700
640,701
641,701
642,702
643,702
644,702
645,703
646,703
647,703
648,703
649,704
650,705
651,705
652,706
653,706
654,706
655,707
656,707
657,707
658,708
659,708
660,708
661,708
662,708
663,709
664,709
665,709
666,710
667,710
668,710
669,711
670,711
671,712
672,712
673,712
674,712
675,712
676,713
677,713
678,713
679,714
680,714
681,714
682,714
683,715
684,715
685,715
686,715
687,715
688,716
689,716
690,716
691,717
692,717
693,717
694,717
695,717
696,718
697,718
698,718
699,718
700,719
701,719
702,719
703,719
704,719
705,720
706,720
707,721
708,721
709,722
710,722
711,722
712,722
713,723
714,723
715,723
716,723
717,724
718,724
719,724
720,725