73729, 4
65536, 8
966671, 1
40962, 4
49156, 12
40965, 1
966665, 4
73737, 4
16396, 13
73743, 7
8208, 2
40976, 7
73748, 14
49175, 4
49176, 2
73755, 8
40986, 4
73754, 7
901137, 6
49182, 6
16416, 14
49185, 1
49186, 1
73762, 6
49188, 8
49189, 11
40997, 6
901156, 4
901155, 3
81966, 8
73780, 3
41019, 6
901170, 1
73803, 3
73802, 2
73804, 3
73807, 2
73809, 1
102, 17
901222, 3
108, 3
114, 7
115, 8
41076, 7
901241, 1
41077, 3
41078, 1
16502, 5
41079, 8
24706, 4
16516, 10
16517, 1
133, 1
16518, 4
139, 9
65677, 6
145, 5
146, 2
149, 1
901275, 3
24728, 14
155, 3
41116, 3
159, 4
901293, 4
160, 14
901294, 3
163, 19
942240, 2
901283, 4
16562, 4
901307, 8
183, 9
41146, 5
901326, 12
16580, 2
41161, 4
82127, 2
82126, 1
208, 7
212, 3
217, 9
49373, 15
49374, 1
82147, 5
82146, 5
227, 1
73956, 7
41190, 20
65767, 11
235, 11
238, 12
41209, 6
249, 4
258, 11
73986, 2
41220, 13
82187, 4
266, 5
82186, 10
901394, 5
287, 3
16673, 5
16676, 9
16679, 2
925990, 4
297, 10
983359, 8
942396, 13
308, 2
312, 15
314, 13
316, 7
41279, 11
322, 3
324, 1
24906, 8
339, 1
41299, 9
942426, 10
901467, 2
349, 14
352, 13
353, 18
41316, 1
74086, 10
359, 1
41320, 6
65896, 9
361, 6
74090, 1
364, 7
365, 5
41326, 9
41360, 9
401, 3
403, 5
917914, 6
407, 7
409, 12
424, 7
428, 3
16814, 4
433, 5
434, 1
917946, 7
16825, 2
16829, 11
447, 16
16835, 3
41413, 6
454, 3
456, 3
457, 10
464, 2
16850, 13
16853, 7
66004, 6
470, 13
472, 8
475, 5
16862, 7
66015, 2
479, 2
483, 5
901610, 1
33256, 3
490, 14
492, 2
494, 14
918014, 6
498, 1
33266, 5
499, 20
918010, 4
502, 6
41467, 11
942576, 4
918001, 8
33282, 3
66050, 9
66052, 5
33286, 2
66054, 13
522, 1
16906, 2
33291, 5
525, 3
66070, 4
41500, 1
934447, 7
33316, 5
550, 4
41512, 3
552, 7
942626, 7
557, 5
558, 3
559, 5
49712, 3
561, 1
66107, 5
571, 6
580, 1
942665, 1
593, 5
594, 7
16987, 6
16988, 4
967275, 3
614, 13
66165, 4
629, 1
66167, 4
631, 2
41592, 4
8824, 4
66169, 6
967286, 5
8825, 3
633, 6
8826, 3
8827, 3
967285, 6
8828, 3
41601, 12
641, 1
41602, 2
643, 1
66178, 1
41604, 2
647, 2
658, 1
66199, 5
663, 14
41625, 2
66203, 1
66208, 17
934573, 1
66213, 2
680, 7
82600, 2
82605, 3
82604, 7
82607, 1
82606, 11
82611, 4
82610, 10
66226, 3
82613, 6
692, 1
82612, 3
41653, 5
693, 10
942777, 9
33466, 8
33467, 5
82618, 4
699, 3
33469, 10
17086, 4
17087, 16
17088, 3
66240, 3
82627, 4
66243, 9
17090, 7
82626, 8
17092, 6
41670, 8
74440, 6
82637, 2
82636, 8
717, 7
41681, 8
33489, 3
725, 3
41688, 8
730, 4
41691, 1
41692, 3
41693, 8
41694, 7
734, 11
41696, 3
82656, 6
41698, 2
33507, 3
33508, 2
41701, 5
41703, 5
17127, 1
41704, 9
41705, 4
41707, 2
74476, 4
33518, 1
41715, 9
66293, 4
66295, 5
758, 8
41719, 7
901882, 3
33528, 2
760, 1
66296, 1
934642, 2
901901, 5
770, 6
942854, 8
942852, 4
780, 7
781, 5
41746, 9
41747, 11
788, 4
789, 1
796, 3
33567, 7
808, 1
49962, 6
967487, 6
818, 2
942907, 4
17205, 4
17206, 7
41783, 13
918326, 5
41786, 19
41787, 2
828, 1
942899, 1
49982, 7
831, 8
832, 16
49986, 13
41796, 2
82757, 5
41797, 1
843, 10
41806, 3
41807, 8
33621, 1
855, 8
859, 5
82780, 1
861, 5
82787, 2
866, 10
82786, 11
867, 8
872, 6
918372, 2
33642, 2
874, 10
41840, 3
881, 1
33653, 5
41846, 4
9078, 3
983927, 7
33658, 9
902007, 14
33660, 20
893, 2
902000, 2
33663, 19
918414, 5
41857, 5
33665, 15
902031, 8
17284, 1
82820, 1
33672, 17
951175, 10
82827, 4
82826, 2
41867, 11
926622, 5
41876, 1
82837, 8
82836, 2
25496, 3
82840, 13
33692, 5
82844, 5
82847, 3
82846, 2
918417, 1
82849, 5
902062, 4
33700, 2
934, 3
902059, 5
82857, 3
33704, 7
74664, 5
74666, 8
41901, 9
82867, 1
902079, 4
82866, 1
33716, 7
33717, 3
902069, 8
952, 10
82881, 10
41922, 4
41927, 3
969, 11
33737, 1
41935, 7
41938, 7
82898, 18
33749, 2
33750, 3
41943, 11
66518, 12
41954, 5
902120, 3
902117, 1
33773, 7
41966, 3
902115, 9
82926, 7
902142, 1
1012, 4
74740, 8
1014, 8
33783, 5
1016, 6
33785, 2
33786, 8
902134, 22
33789, 11
33791, 5
902157, 7
25601, 1
1025, 2
926732, 2
25603, 8
25604, 6
41989, 9
25606, 12
25607, 10
25608, 1
33802, 16
74763, 3
82957, 7
951298, 1
902145, 7
82956, 5
902146, 5
25616, 4
42002, 10
74772, 10
42006, 4
74776, 1
42009, 14
926743, 5
951316, 6
1051, 12
33820, 13
33822, 1
74782, 2
33825, 3
33827, 4
42031, 5
902207, 1
42035, 1
902203, 4
902199, 8
9278, 5
967757, 3
926789, 8
33868, 7
66636, 2
42063, 10
42079, 7
902255, 6
33893, 1
17509, 4
33894, 14
902247, 2
902246, 1
33899, 1
33900, 5
984162, 3
902243, 6
902242, 1
17520, 7
33918, 7
902258, 3
33921, 2
33927, 13
42120, 9
33935, 8
42127, 13
33937, 4
58516, 4
926875, 11
66713, 5
42137, 6
33945, 1
33947, 7
42141, 1
902291, 3
42142, 2
17566, 1
976047, 16
42146, 14
42149, 13
42151, 3
33959, 2
926886, 2
42153, 14
926908, 4
33971, 2
58548, 4
42166, 13
42167, 5
74936, 9
943280, 14
42175, 6
33983, 7
902349, 4
42177, 10
1221, 11
50375, 9
1224, 11
33994, 12
34001, 2
9426, 4
34003, 12
34004, 8
9428, 3
34006, 2
34007, 5
34008, 2
9432, 11
42204, 5
34014, 1
34015, 11
66789, 5
42213, 2
42214, 3
66790, 4
1258, 10
34026, 12
42218, 3
34029, 3
34030, 6
902370, 4
34032, 7
34033, 8
34034, 8
34036, 17
42230, 8
34041, 6
42233, 8
66810, 11
42240, 5
42242, 10
935180, 4
34051, 9
34052, 13
42244, 6
17670, 9
902407, 7
34061, 12
66833, 7
25874, 12
25876, 13
66836, 3
25877, 2
902424, 3
25878, 1
902427, 12
902421, 7
34076, 4
902417, 6
34078, 1
902419, 13
34089, 10
902438, 8
34092, 7
927011, 11
42299, 8
34113, 11
34114, 13
34116, 6
34117, 6
42312, 2
34122, 10
42316, 2
42317, 6
75087, 6
927041, 1
1361, 11
943451, 1
34138, 8
1377, 3
17766, 1
927080, 13
902501, 19
902500, 6
34155, 3
902496, 4
34158, 4
25966, 2
34162, 13
927101, 5
34164, 4
34166, 10
1399, 4
1400, 11
58744, 9
66936, 13
58746, 7
1408, 2
927119, 1
42370, 3
927114, 12
902536, 12
58758, 8
34188, 16
34189, 5
34190, 13
927135, 8
34197, 3
83348, 7
34198, 1
34199, 9
75165, 11
83357, 12
83356, 2
1437, 1
927120, 1
17826, 2
83363, 3
66979, 9
902574, 7
927147, 6
17830, 10
927145, 8
83370, 1
75181, 5
75183, 9
902589, 8
58801, 9
66992, 1
927156, 8
75195, 4
902583, 4
75197, 11
34237, 7
902576, 2
75198, 14
67006, 6
58819, 4
34244, 4
42437, 2
75204, 2
58823, 10
75209, 4
902597, 5
75208, 3
75211, 12
75210, 7
75213, 1
42444, 9
75212, 1
927171, 8
75215, 2
75214, 7
34255, 4
1488, 4
75216, 2
58835, 6
75218, 7
58836, 3
75221, 1
58838, 4
58840, 5
75224, 2
58842, 6
75226, 2
34267, 14
927189, 5
1500, 12
58845, 2
75228, 16
75230, 10
943592, 11
943590, 2
75243, 8
58860, 4
58863, 3
58865, 12
58866, 2
927228, 5
58868, 3
42485, 11
58872, 4
927222, 7
58873, 2
58874, 7
67067, 6
17914, 5
58875, 1
17916, 7
58876, 4
34300, 1
58877, 9
50686, 13
58878, 8
58879, 6
910862, 11
902664, 1
58885, 3
58886, 3
58888, 4
58890, 3
42507, 12
58892, 5
58893, 5
919040, 6
58895, 1
58897, 1
902684, 12
58898, 25
58899, 8
34326, 8
927255, 8
34329, 15
17954, 10
17956, 4
17958, 2
34349, 6
910882, 3
34359, 9
910900, 3
34366, 9
34368, 7
902732, 2
42566, 6
18006, 3
67159, 11
67161, 10
34395, 3
34398, 4
34400, 2
902767, 9
42599, 9
1643, 8
902781, 8
1649, 1
902780, 4
927357, 3
34421, 8
34422, 20
34423, 15
67192, 3
34425, 4
935543, 5
902772, 18
67194, 13
18046, 2
18048, 7
34433, 8
34436, 2
902795, 3
927368, 3
902794, 4
927367, 2
902791, 9
902790, 5
927363, 2
34449, 10
34454, 5
34456, 6
34457, 4
34458, 4
902806, 6
59037, 2
100001, 1
911020, 8
34467, 11
100005, 8
100006, 1
42665, 3
42666, 1
100015, 8
18096, 8
100017, 3
100018, 3
42676, 5
902840, 12
34486, 6
100022, 15
100025, 1
100024, 10
100027, 15
100026, 5
59069, 3
919216, 2
42687, 4
100033, 3
67264, 3
100032, 6
67267, 5
100035, 1
67266, 4
100037, 1
18116, 6
919240, 1
919241, 4
67273, 7
18120, 7
100041, 8
100040, 12
67272, 13
34505, 5
67275, 10
919236, 3
42699, 16
67274, 4
902848, 3
42703, 11
100046, 12
100051, 6
100054, 7
42712, 2
42714, 3
42716, 1
59100, 10
42717, 4
911056, 3
42718, 4
935632, 10
59102, 9
67296, 5
42723, 1
100068, 3
100071, 5
100075, 3
100077, 8
902880, 2
34543, 9
100080, 7
100083, 11
34546, 2
935677, 1
34561, 10
902924, 1
100100, 4
34566, 1
1799, 6
100102, 5
902917, 1
100107, 11
100108, 7
34573, 2
34578, 6
59154, 10
34579, 14
18196, 6
10006, 4
18198, 16
100119, 7
919320, 1
1814, 11
59159, 6
18199, 5
10008, 16
902933, 7
10009, 3
42777, 2
59161, 16
59162, 14
59163, 2
902929, 12
927506, 6
59164, 11
100127, 11
100129, 9
100128, 7
59169, 17
100130, 1
100135, 17
100137, 1
34605, 2
59182, 3
1838, 6
100144, 3
902966, 6
34629, 6
34630, 5
67406, 1
100179, 4
1876, 2
59231, 1
903023, 3
67426, 1
100201, 8
100202, 7
18284, 2
993121, 10
100209, 1
100208, 3
34678, 7
100215, 4
34679, 18
927605, 7
903025, 5
34690, 11
100229, 10
100233, 20
34698, 12
1931, 3
927618, 4
42893, 3
100236, 4
903043, 2
34702, 1
927617, 11
100243, 6
100242, 5
100245, 2
903064, 4
34709, 1
903066, 1
100246, 2
903056, 1
67487, 7
100258, 11
34729, 7
18348, 3
18350, 8
919456, 9
18352, 6
34737, 7
67509, 4
100276, 1
67508, 13
919481, 15
100278, 7
42936, 2
67513, 7
935863, 9
34746, 10
34747, 7
100282, 6
927666, 12
34748, 4
903089, 9
34753, 3
83907, 5
83906, 2
67522, 1
100293, 4
67524, 12
67527, 6
67526, 4
34759, 6
67528, 8
100300, 3
1998, 5
67534, 1
67536, 2
100309, 11
67540, 5
83926, 11
26585, 13
26586, 3
67546, 16
75740, 1
26589, 3
34786, 9
34787, 7
67557, 10
67556, 5
18407, 6
42983, 1
18408, 5
42984, 4
100329, 2
100331, 7
100332, 9
26606, 8
100334, 6
67571, 5
976892, 3
903166, 6
67575, 13
903162, 18
67574, 3
927735, 1
100344, 13
67578, 2
34812, 1
100348, 3
903155, 3
51199, 7
34815, 11
100353, 5
34817, 5
34818, 2
51202, 3
919564, 5
67586, 2
34819, 9
100354, 19
34820, 5
34821, 1
903176, 14
34822, 1
34823, 4
67595, 7
43022, 2
67599, 23
43024, 1
43025, 16
43026, 7
43027, 2
43028, 5
2070, 8
43031, 3
34839, 1
903194, 13
43034, 11
43035, 14
67610, 1
43036, 4
43037, 8
43038, 13
26656, 5
43040, 12
34849, 3
903209, 1
43046, 4
10278, 3
34856, 3
43048, 7
903207, 5
43050, 5
43051, 9
100394, 9
903203, 4
903230, 1
100404, 9
34870, 5
34871, 10
100406, 7
43066, 6
34876, 1
100412, 24
903245, 1
100417, 4
43073, 4
34881, 5
100416, 1
43076, 10
43077, 2
903240, 1
34886, 8
43079, 3
936002, 10
43086, 5
903261, 2
75856, 16
43089, 11
927835, 10
26710, 6
927832, 4
43095, 10
43096, 4
26712, 8
43097, 4
903252, 7
903255, 3
2140, 4
100444, 9
100446, 6
100448, 11
26722, 4
100453, 4
43109, 6
75876, 14
26726, 10
34919, 6
944233, 6
43112, 10
100457, 2
100458, 1
43116, 7
43117, 7
936032, 8
43120, 6
903293, 1
43121, 13
26737, 8
43123, 2
100466, 1
26739, 14
43124, 6
43125, 2
43126, 6
43127, 5
34935, 2
43128, 18
75898, 7
993395, 7
43134, 8
51326, 4
43136, 8
43137, 1
43138, 6
903310, 12
26759, 10
927879, 4
43145, 3
100488, 8
26763, 18
26765, 19
34958, 1
34959, 9
100498, 7
43156, 8
100501, 4
43163, 6
34972, 8
26781, 3
26787, 7
43174, 10
18604, 5
67757, 3
84143, 6
100527, 10
903331, 12
100526, 13
936097, 2
43183, 10
100528, 1
84144, 9
100531, 19
2226, 2
34995, 5
2229, 10
26806, 1
84151, 1
84153, 1
903348, 2
84152, 2
100536, 3
43197, 1
84159, 2
43198, 14
26814, 7
26815, 1
100545, 4
43201, 7
26820, 9
903369, 8
100549, 10
43205, 5
26821, 2
26822, 7
43206, 5
26823, 10
84166, 7
100550, 2
26824, 7
43208, 5
43209, 3
2249, 12
26826, 3
84171, 4
43210, 5
26827, 11
84170, 13
26828, 11
84172, 1
35022, 4
903363, 10
100560, 5
43219, 4
903385, 1
100569, 9
43226, 1
26844, 12
100572, 2
35039, 5
43232, 6
100576, 1
26851, 3
84197, 10
18661, 10
43237, 14
84201, 8
26858, 5
43244, 10
84207, 4
100593, 3
84211, 15
977136, 6
43263, 1
903410, 7
76032, 1
76035, 6
100610, 3
76036, 7
100612, 5
76038, 11
100617, 4
76040, 1
2313, 3
76042, 1
43275, 5
100618, 4
26892, 8
76044, 1
76046, 7
76049, 12
43280, 9
100624, 16
43282, 8
43285, 3
43287, 2
100630, 16
100632, 4
26906, 3
67866, 8
100636, 1
100639, 10
26910, 3
43296, 4
43299, 11
35109, 7
43302, 2
903467, 4
43306, 1
928037, 4
43314, 3
51506, 10
100659, 11
43316, 4
10548, 3
10549, 7
10550, 3
43318, 4
100663, 5
43319, 20
10552, 9
10553, 7
911668, 3
43322, 7
10555, 1
26939, 15
100666, 8
43323, 2
43325, 6
26942, 4
903475, 1
903474, 2
43328, 3
100673, 2
2368, 3
35136, 1
100672, 13
43330, 5
43331, 6
43333, 8
43334, 14
903499, 3
43335, 11
43336, 2
43337, 11
43338, 3
35147, 4
2381, 13
43343, 7
903490, 2
43345, 4
43349, 12
10582, 9
43352, 6
2393, 7
100696, 9
903510, 8
100700, 9
977232, 5
100702, 1
43360, 10
26977, 3
43362, 1
903529, 6
18788, 6
977256, 1
43368, 5
26986, 5
35179, 2
43371, 8
26988, 9
43375, 1
903550, 5
26996, 5
26998, 5
43386, 3
43387, 4
43388, 11
10624, 17
10625, 15
10626, 6
10627, 10
10628, 3
936331, 4
100740, 16
27014, 11
10632, 14
35213, 4
27022, 18
27025, 1
43409, 1
43410, 6
27026, 4
27027, 4
27028, 1
35222, 4
51606, 3
43415, 5
43418, 4
27037, 8
903568, 12
27040, 1
43426, 13
43428, 1
27048, 2
18856, 4
18858, 7
68011, 2
68010, 1
68013, 5
84399, 4
43439, 1
27056, 4
68017, 2
43442, 2
903611, 11
68022, 3
27065, 8
76216, 10
27066, 1
43451, 4
100794, 1
977330, 4
68028, 4
68031, 17
977358, 11
985551, 8
76227, 10
68034, 5
68037, 4
903625, 2
68036, 3
68039, 16
68038, 6
27079, 4
27080, 3
27081, 1
68040, 6
68043, 4
928196, 2
68042, 7
68047, 7
68046, 2
2511, 8
35279, 5
68049, 3
27094, 11
977367, 9
43482, 9
27098, 8
18906, 4
903639, 6
27100, 6
27102, 11
903635, 17
903663, 13
27110, 5
84457, 7
84456, 2
43501, 3
51696, 1
35313, 3
35314, 14
35315, 9
43507, 5
35316, 8
35317, 3
27125, 5
903672, 5
35318, 3
43510, 9
27126, 4
27127, 10
43512, 6
27130, 10
928245, 4
27131, 3
51710, 6
952816, 9
43519, 3
51712, 10
928270, 8
27138, 4
51714, 4
944650, 2
27141, 3
84486, 1
903690, 7
27145, 11
43529, 1
43536, 2
84496, 10
43538, 5
43539, 12
903710, 3
35354, 5
27163, 5
10781, 2
27165, 7
68127, 9
68126, 5
27167, 11
10784, 10
10786, 4
27171, 5
10788, 9
10789, 8
10790, 1
10791, 10
27175, 5
10792, 2
903717, 2
10793, 5
27181, 16
43565, 3
10797, 1
27182, 2
903741, 10
10802, 3
10803, 3
10804, 7
10805, 1
27189, 5
10807, 7
10808, 4
10809, 18
936503, 13
2618, 10
27195, 2
10812, 5
19006, 2
10815, 10
19009, 4
10818, 5
10819, 15
2629, 6
43593, 7
19017, 10
10826, 2
19019, 10
10828, 6
43596, 1
19021, 1
903747, 1
10830, 8
10834, 9
19026, 4
35410, 3
10835, 4
10836, 3
19029, 2
903771, 1
10838, 8
19030, 7
43607, 6
35416, 2
19032, 2
10840, 3
43608, 5
903764, 11
35418, 2
19036, 7
903760, 2
10846, 7
19038, 4
43615, 5
43618, 13
35427, 8
27235, 2
43621, 1
27237, 16
10855, 5
19048, 5
903780, 11
2666, 7
35435, 5
903776, 5
27245, 6
27246, 7
27247, 5
903778, 4
43633, 8
19060, 10
903801, 10
19061, 2
2677, 11
19062, 4
903803, 6
27255, 6
19063, 1
19064, 1
27257, 18
903796, 1
19066, 4
19067, 11
19068, 4
43644, 6
27260, 10
35453, 1
43645, 1
19070, 1
43647, 1
35456, 21
43648, 9
10882, 10
84617, 12
84616, 1
35465, 5
19081, 4
10890, 8
27274, 7
27276, 7
35469, 5
903838, 7
76436, 7
903835, 16
936600, 7
19094, 7
27286, 2
76438, 4
19096, 2
977558, 8
27289, 1
27290, 2
27292, 5
84636, 10
19101, 1
43681, 1
43683, 8
43686, 5
19110, 6
19112, 2
19116, 6
43693, 3
19118, 4
35505, 4
2737, 3
27318, 2
27323, 11
27324, 5
76478, 5
903881, 2
903880, 3
76487, 7
76486, 2
35527, 8
76488, 4
27339, 3
903872, 13
68306, 11
903892, 2
2779, 9
27357, 5
35553, 12
43747, 1
27369, 3
27370, 3
27372, 1
76526, 10
76529, 1
920316, 6
76531, 3
76533, 4
68340, 3
903928, 8
27386, 3
903926, 5
985843, 2
27390, 7
27392, 2
35586, 4
27394, 3
903942, 7
27404, 9
27406, 4
27408, 5
27409, 10
27410, 2
2834, 4
27412, 3
19224, 12
27417, 6
19226, 4
19227, 5
19228, 7
2849, 4
903980, 6
19235, 3
27428, 10
27433, 9
35626, 4
35628, 3
27439, 3
27442, 2
903998, 6
903993, 15
35637, 1
2870, 13
903985, 3
27453, 7
2878, 1
27454, 6
27464, 2
43848, 2
2889, 4
27469, 6
27474, 10
27476, 7
27478, 10
27479, 13
27486, 15
2912, 2
904046, 3
2916, 4
35692, 8
35695, 2
2928, 5
76658, 1
35699, 6
27508, 1
35702, 4
27512, 14
76665, 10
76669, 2
2945, 3
27523, 2
27535, 5
35728, 2
27536, 4
35730, 2
936859, 1
904088, 7
27543, 1
27544, 6
969618, 2
35743, 7
27551, 10
27554, 9
27560, 1
27562, 2
35759, 2
2992, 1
904124, 6
52146, 11
35766, 5
27577, 7
35770, 1
35773, 7
3005, 5
27582, 8
35776, 7
27585, 8
35780, 14
27588, 5
11206, 1
19400, 1
35785, 9
43980, 2
27597, 9
68559, 4
43984, 6
11216, 5
43986, 5
936924, 11
27604, 6
27605, 7
43991, 16
52186, 10
3036, 12
76767, 7
969711, 16
52199, 13
27625, 16
19436, 6
27629, 3
27632, 6
27636, 1
904184, 7
52216, 8
969712, 6
68611, 11
928778, 4
19473, 2
19474, 2
19475, 12
19476, 7
27668, 9
19477, 10
11285, 5
19478, 13
928793, 1
35863, 4
19480, 8
19481, 8
27673, 3
3097, 4
11290, 17
904215, 1
35867, 4
27677, 9
11293, 11
11294, 2
19486, 1
904211, 2
11296, 8
27680, 11
904237, 3
11297, 6
11298, 3
27682, 5
11299, 1
904232, 6
904235, 8
35881, 18
27692, 2
3120, 2
27697, 6
35891, 15
44084, 5
3135, 2
3136, 1
3138, 8
912463, 2
35907, 1
35913, 8
35914, 10
85066, 16
27723, 9
35915, 12
35916, 10
27724, 8
35917, 5
35918, 1
35920, 1
35921, 2
11346, 5
11347, 5
11348, 5
35926, 3
52312, 5
52314, 5
52316, 7
52317, 6
35933, 1
27741, 5
52318, 6
35934, 6
52319, 5
35937, 3
11366, 12
27750, 10
27751, 1
35944, 5
994406, 12
35946, 1
11370, 4
920676, 5
27754, 2
11371, 16
35947, 6
35948, 5
35961, 2
978036, 1
35964, 7
27773, 4
27774, 3
11390, 2
27776, 9
35969, 15
27777, 8
3201, 4
27778, 1
27780, 10
904329, 2
27781, 3
904328, 9
27782, 14
27783, 5
35975, 7
35982, 14
27793, 6
27794, 8
3221, 2
27799, 16
11416, 5
3224, 2
27802, 5
27806, 7
36002, 9
36006, 8
27814, 2
36010, 3
36015, 18
27829, 5
44215, 2
27832, 5
44217, 2
11450, 3
11452, 1
68800, 3
27841, 5
36034, 3
27844, 3
27849, 5
3273, 5
27853, 4
11470, 9
11472, 5
3285, 7
36059, 3
36061, 6
36065, 3
44258, 5
3301, 1
44266, 5
68842, 18
36076, 1
3309, 4
3310, 4
68846, 8
27890, 2
27891, 12
904446, 2
27898, 12
77050, 7
36092, 9
77052, 4
3326, 1
77054, 3
904434, 3
27904, 4
68867, 3
44292, 3
68868, 9
27913, 8
3337, 21
36108, 12
27920, 9
3345, 15
44306, 5
77074, 10
3347, 2
44308, 1
3348, 6
36122, 7
3355, 3
36124, 3
77084, 16
77089, 12
3360, 1
904490, 3
44331, 9
3373, 7
904509, 3
3381, 3
3382, 4
44350, 4
77121, 3
11586, 3
77122, 8
11588, 2
36164, 7
3396, 8
36165, 1
85316, 7
3403, 4
77136, 9
52563, 10
36186, 7
36188, 9
52579, 17
52580, 8
52581, 4
28005, 1
52582, 1
52590, 9
904547, 1
52591, 7
904573, 9
52593, 1
52594, 3
52595, 11
28019, 5
52596, 1
904569, 2
52597, 2
904568, 11
52598, 2
52599, 3
36215, 1
28025, 6
904564, 1
44410, 8
904560, 9
904563, 7
904588, 6
44419, 1
36229, 4
77188, 3
28039, 9
28040, 5
28042, 6
44426, 15
28043, 8
36235, 13
44428, 8
44430, 5
904606, 3
44442, 13
44448, 1
36258, 8
28066, 2
28067, 2
28068, 13
28069, 10
28070, 5
3495, 3
19880, 6
44456, 11
904613, 7
36265, 5
36266, 4
904609, 10
77228, 4
52653, 8
904611, 2
28078, 16
904637, 8
52656, 3
28081, 14
904639, 2
44468, 3
28086, 2
28087, 6
28088, 11
44476, 13
904625, 10
36288, 12
3522, 5
44486, 1
3526, 5
44487, 9
921030, 1
77256, 12
36301, 6
36302, 7
904643, 9
36304, 4
36305, 3
36306, 3
994781, 6
36307, 1
44499, 13
36308, 2
36309, 5
994778, 8
36311, 3
994775, 5
994768, 8
28131, 1
77285, 1
44516, 12
28132, 2
77284, 14
28134, 6
44520, 13
994784, 17
986623, 2
28147, 3
994807, 1
44536, 2
11771, 12
44539, 10
77309, 10
11773, 5
11774, 2
11776, 2
11777, 10
77315, 8
77316, 7
77319, 10
77318, 15
912900, 4
11786, 11
77323, 4
77322, 17
11788, 5
44557, 6
77324, 7
904733, 3
44561, 1
36369, 2
44565, 4
36374, 1
85526, 3
44568, 9
36376, 3
77336, 1
3611, 5
3614, 7
36383, 13
962094, 1
77345, 11
36384, 3
962095, 1
904745, 6
3620, 4
77348, 6
36390, 17
77353, 5
994850, 3
28206, 4
994849, 5
36399, 13
994848, 1
28210, 3
77363, 6
994875, 10
904761, 5
904760, 10
3637, 5
36406, 18
904762, 7
994872, 11
36410, 3
904759, 8
44603, 1
77375, 6
28222, 4
28224, 8
77378, 1
52806, 6
3655, 5
904778, 2
28231, 10
52808, 19
3656, 4
28233, 17
3657, 4
28236, 10
28238, 6
36433, 3
77395, 12
36435, 2
904792, 3
77396, 13
28246, 7
904794, 10
77400, 11
3676, 3
77405, 1
36447, 12
904815, 5
52835, 4
986732, 4
77410, 14
77413, 16
904808, 5
986730, 3
77412, 16
3685, 3
77415, 2
85606, 10
77414, 9
986726, 3
986725, 6
904806, 3
36460, 8
77420, 5
44657, 4
44658, 2
921212, 11
28275, 9
36468, 9
904825, 9
44660, 2
28276, 4
904827, 11
28278, 7
44662, 18
28279, 1
921206, 4
36473, 1
986738, 4
921230, 6
36482, 14
921228, 1
921229, 14
11909, 16
11910, 3
11912, 9
904837, 16
994950, 5
904836, 7
36494, 5
921244, 2
921242, 10
994965, 3
921234, 1
921233, 2
11936, 2
77472, 13
11940, 5
77479, 9
904869, 2
77482, 1
77487, 3
921248, 3
36527, 1
36531, 11
995003, 9
904888, 4
36535, 12
77497, 2
904884, 5
28350, 3
36552, 3
904900, 10
904903, 4
28370, 4
904921, 4
986839, 1
36574, 14
904914, 1
36576, 1
904940, 10
36578, 3
77545, 5
986851, 3
36591, 13
36592, 12
36595, 2
904954, 5
36604, 8
36606, 10
77568, 4
77570, 4
77573, 11
36616, 5
77577, 14
904965, 2
36617, 9
904964, 7
36618, 5
36620, 5
904988, 9
20246, 10
20247, 2
20248, 12
904976, 7
36641, 2
36644, 7
85796, 5
36648, 1
3880, 16
36650, 15
904998, 4
28465, 8
28466, 2
986938, 1
36667, 5
36668, 6
20286, 11
36673, 9
77632, 9
945996, 2
77637, 2
986953, 1
3910, 3
36679, 19
3916, 9
36685, 3
77647, 13
36690, 1
77658, 11
20316, 2
20318, 5
77668, 1
3943, 1
77673, 7
77674, 10
3952, 3
77683, 5
36723, 7
77682, 3
77688, 1
3963, 6
36733, 8
77699, 12
77698, 4
77703, 7
77709, 12
36749, 4
20366, 9
3984, 4
20369, 3
77714, 11
36756, 5
20372, 12
77719, 10
20375, 1
77723, 4
995221, 7
36763, 10
77725, 1
36764, 7
36765, 4
77724, 5
77727, 6
4000, 6
36769, 6
4001, 3
77730, 3
77735, 8
77734, 8
77739, 6
77741, 3
77740, 4
77746, 8
4020, 9
4025, 2
905136, 3
4029, 2
77759, 13
77760, 7
77768, 2
4041, 6
921540, 8
77771, 2
4043, 8
77773, 2
4045, 3
77774, 9
4048, 7
77776, 8
28625, 1
77779, 6
28627, 3
28628, 7
36821, 9
53206, 9
4055, 3
53210, 10
53211, 7
77786, 7
4059, 1
53213, 2
53214, 4
28638, 3
987088, 7
4063, 5
53216, 1
53218, 9
4067, 2
69609, 13
69611, 13
69610, 15
77805, 6
4079, 5
905215, 11
4084, 2
4090, 3
921589, 4
69631, 17
4096, 4
77824, 9
905231, 5
69634, 10
69637, 2
69636, 5
69639, 8
36870, 10
69638, 5
36871, 5
36872, 7
36873, 10
36874, 4
36875, 14
921605, 4
921602, 5
4109, 13
36878, 1
921600, 1
69646, 3
4111, 7
77841, 6
4113, 5
77843, 6
4114, 17
77842, 1
4115, 1
987163, 3
987162, 3
36886, 6
77847, 7
987161, 5
36887, 6
987160, 3
69654, 3
77846, 14
4119, 1
69657, 3
987159, 1
69656, 1
77848, 8
987157, 6
77851, 5
69658, 6
905233, 4
12316, 1
77852, 11
4127, 6
4128, 14
36896, 9
69667, 3
69666, 1
77858, 2
4131, 2
36901, 3
36903, 11
36904, 2
36907, 5
4139, 7
36908, 12
28718, 11
77870, 3
77875, 11
4150, 1
20536, 2
77880, 1
77889, 2
69704, 8
77899, 4
69706, 5
77900, 2
69711, 3
77903, 2
77902, 6
69713, 9
77905, 2
69715, 12
4184, 1
86112, 1
28770, 6
36965, 5
36966, 18
36967, 7
36968, 7
36969, 15
36970, 11
36971, 1
36973, 7
36974, 1
36976, 1
36978, 2
12404, 1
12406, 12
905339, 4
12407, 1
987256, 7
36983, 1
53367, 1
12408, 2
53368, 13
12409, 5
28795, 7
36989, 3
77955, 4
77956, 11
28812, 1
37010, 7
37012, 19
905369, 7
37014, 6
77977, 6
77976, 9
37020, 2
77980, 2
77994, 9
61613, 3
86190, 6
12464, 8
905405, 2
37040, 6
20656, 6
61616, 6
12466, 1
61618, 1
12467, 1
37047, 7
37048, 9
78008, 7
78010, 2
12476, 7
45245, 13
45246, 6
12478, 4
45247, 4
12479, 3
45248, 3
921806, 3
28865, 9
28866, 17
28867, 2
995532, 7
28868, 2
995530, 4
78022, 4
37067, 6
78029, 11
905437, 11
78036, 4
28886, 2
995545, 12
905434, 6
28888, 7
45274, 7
28890, 8
45275, 14
45276, 7
45277, 8
45278, 2
905427, 2
905426, 9
913647, 2
78050, 3
28905, 3
37097, 1
86251, 8
905447, 4
86250, 1
905443, 9
37103, 7
987385, 3
78071, 2
37111, 8
78070, 6
78073, 7
78072, 10
78079, 4
78078, 4
987407, 11
4356, 1
4357, 8
37125, 8
37131, 6
4367, 5
4374, 1
4376, 5
995607, 6
37146, 8
37147, 16
37148, 8
4381, 6
86310, 4
69941, 7
69940, 5
69945, 8
69947, 3
69946, 5
37203, 6
37204, 11
921946, 7
37217, 17
45418, 7
45419, 8
987514, 2
86390, 1
12668, 7
921970, 6
53629, 5
946574, 4
53652, 5
922040, 2
922036, 6
53692, 1
29119, 12
995760, 3
4556, 7
905690, 5
37335, 10
37336, 11
37337, 9
37338, 1
37339, 12
37344, 11
37346, 4
905711, 1
37347, 3
37348, 4
905701, 14
86507, 1
86506, 12
37356, 9
987647, 1
987646, 8
987645, 17
987644, 1
987643, 15
37364, 5
987642, 7
987641, 17
922097, 5
4610, 2
4611, 10
4616, 12
987649, 2
987648, 3
4624, 2
905757, 2
4626, 8
4636, 11
86563, 8
86562, 3
37413, 5
37414, 22
37416, 13
37417, 9
37418, 3
4656, 9
4657, 8
37426, 8
12856, 1
12861, 6
12862, 4
86599, 3
922178, 6
12888, 9
86625, 1
29282, 4
86626, 2
905832, 3
29287, 2
29288, 2
4716, 13
86637, 1
62061, 4
4717, 9
905824, 3
4718, 16
86639, 5
86638, 3
4725, 12
78456, 11
86653, 5
922254, 9
86661, 14
905865, 9
922250, 3
905864, 3
86663, 3
905866, 5
905861, 4
62089, 4
905863, 3
86666, 5
905862, 11
86669, 2
86668, 1
86670, 1
86673, 3
987807, 12
62096, 2
86672, 3
62097, 6
37526, 6
37528, 9
86681, 6
86680, 1
86685, 1
86684, 6
86686, 5
53920, 10
86688, 14
914092, 1
86691, 15
86693, 2
86692, 4
86694, 6
86698, 13
86704, 6
86707, 3
4788, 6
86709, 8
86712, 3
4796, 13
4797, 12
4798, 1
103102, 6
86724, 1
86728, 2
86730, 13
21201, 1
86739, 2
37586, 2
86738, 7
21206, 6
86742, 1
4825, 1
86747, 1
21210, 12
86746, 5
987860, 12
86749, 7
29404, 7
86748, 4
86751, 2
37599, 4
21215, 8
21222, 13
21226, 7
946916, 6
13036, 9
13037, 3
86764, 3
29421, 5
13038, 12
4846, 1
29422, 14
21236, 7
4852, 8
4853, 3
86774, 3
78590, 4
4863, 2
86785, 7
78593, 1
4864, 2
78592, 3
4866, 20
4867, 8
78594, 2
4868, 6
13062, 9
37640, 8
37641, 2
37642, 3
4876, 1
86796, 1
86802, 11
86805, 7
86807, 1
78616, 6
86812, 11
37663, 7
86817, 6
37664, 1
37665, 6
86821, 5
54056, 15
54057, 5
45869, 13
45870, 12
86832, 1
86835, 10
86834, 3
86839, 2
86843, 3
45884, 2
86845, 1
45886, 5
45887, 9
906034, 9
45888, 2
906061, 11
906060, 2
4936, 8
86856, 5
86858, 6
86867, 2
4947, 8
4949, 13
86873, 8
86872, 3
4955, 4
906064, 9
4959, 8
86881, 8
86883, 3
86885, 15
86884, 8
86887, 5
86886, 3
86888, 4
37742, 5
4977, 4
86907, 6
86906, 3
86909, 4
4989, 4
29566, 10
45950, 5
86910, 2
29568, 11
4993, 4
86916, 5
86918, 1
86923, 9
5004, 9
5006, 2
5008, 5
988063, 3
5014, 7
86952, 12
45995, 2
5036, 3
62380, 1
5037, 3
62382, 12
5038, 3
62384, 4
5040, 14
46001, 6
930746, 4
46008, 1
86975, 3
62400, 9
46019, 6
5061, 1
62405, 3
5067, 4
62420, 7
62422, 14
906203, 4
906197, 1
5086, 1
87010, 6
87014, 11
21480, 5
5103, 14
5104, 5
5105, 10
988158, 11
5106, 10
988157, 14
988156, 14
988155, 7
988153, 16
37880, 7
37881, 1
37886, 3
37888, 7
37889, 10
37896, 11
29708, 12
5133, 1
29710, 3
29712, 5
5136, 2
37906, 2
78866, 7
5149, 7
62494, 2
46112, 12
62496, 12
29728, 1
46113, 6
5153, 7
62498, 6
5157, 1
5159, 12
37934, 9
37935, 5
46127, 4
37936, 8
37937, 4
37938, 2
980023, 1
46142, 1
46146, 3
13388, 21
5202, 4
37974, 17
37976, 17
21594, 3
21595, 6
21596, 2
21597, 1
21598, 1
37984, 2
21602, 1
37986, 5
37987, 14
37988, 11
37991, 5
37993, 13
37994, 1
87146, 7
37996, 2
37997, 1
37998, 1
87150, 12
87152, 6
38002, 1
29812, 4
38006, 2
38008, 3
5242, 4
5246, 6
5247, 4
922756, 5
38031, 3
38046, 1
5280, 5
5281, 7
54436, 8
939176, 4
5286, 3
38056, 12
5288, 9
5289, 5
5290, 18
38058, 2
54444, 6
54446, 9
54447, 3
54448, 9
79026, 5
38081, 5
38086, 7
5318, 4
5319, 4
38088, 1
38089, 16
29900, 1
5325, 1
5326, 4
5327, 1
5329, 16
87250, 14
87256, 2
5345, 5
5346, 1
5347, 12
87266, 4
5349, 8
5350, 4
13542, 11
87270, 5
5355, 10
5360, 2
87280, 4
5362, 3
87288, 2
87306, 4
46350, 7
46351, 6
38169, 7
38170, 1
87325, 10
5404, 10
38174, 7
38176, 5
38177, 12
38178, 14
38179, 13
38180, 3
29993, 6
29994, 3
29996, 2
29997, 6
29998, 6
5430, 7
5433, 2
30016, 19
5443, 3
13636, 1
5446, 5
13638, 3
13647, 17
30036, 1
87380, 11
87385, 5
62809, 4
46430, 1
46432, 10
46434, 9
87398, 2
87401, 10
30056, 1
30057, 2
906596, 1
87403, 10
30058, 3
87402, 7
5484, 8
5486, 2
87409, 2
87408, 24
87410, 7
87413, 2
5492, 7
62837, 5
54646, 13
62838, 8
54647, 9
87416, 7
5516, 1
87448, 3
46497, 4
13730, 4
46499, 9
46502, 10
46503, 6
46504, 3
988582, 2
46506, 15
54706, 7
5555, 11
54710, 9
87483, 2
62906, 14
87485, 15
87484, 2
46525, 4
62920, 16
87509, 1
87511, 1
87510, 1
87513, 9
5592, 10
5596, 2
964076, 6
5605, 3
5606, 2
79336, 7
964068, 20
5614, 18
964085, 8
964082, 6
964081, 13
5635, 9
964098, 2
964123, 6
30236, 2
30238, 6
87586, 11
87589, 3
30247, 7
30250, 13
87596, 3
5677, 6
980513, 7
988729, 3
5696, 7
87619, 7
5700, 5
5702, 12
87632, 7
939611, 2
22102, 1
87643, 16
87645, 13
46685, 6
87647, 1
46686, 6
46687, 1
87646, 7
13928, 6
38504, 3
22121, 6
38507, 9
30316, 1
30317, 5
30318, 10
5744, 8
5747, 9
5753, 10
5755, 10
22151, 1
22155, 20
22156, 1
22157, 9
22158, 6
988827, 7
939666, 3
79516, 6
22175, 11
22178, 2
5809, 6
38580, 1
38581, 13
22199, 10
988849, 2
22207, 1
22213, 11
22214, 5
22215, 8
22216, 5
22217, 8
22219, 6
87756, 2
5842, 18
997084, 2
22228, 4
997083, 7
997082, 8
22241, 7
22244, 6
22253, 8
71410, 1
988924, 8
71412, 9
71424, 5
71426, 6
71441, 12
71446, 13
55066, 16
55068, 1
87849, 7
55084, 6
55086, 1
55087, 3
55088, 8
915256, 12
30526, 9
30527, 3
30528, 2
55106, 5
46915, 4
30543, 16
30546, 1
46937, 11
46939, 4
30557, 1
939856, 9
71529, 4
14192, 2
972668, 1
964477, 4
14199, 6
63351, 5
63352, 13
63354, 3
63355, 1
63356, 1
14204, 4
63357, 1
63358, 12
63359, 6
14208, 11
87937, 6
87936, 1
63361, 13
14210, 1
63362, 8
87938, 9
87945, 4
87946, 8
47002, 5
47009, 9
47010, 15
964525, 5
6052, 12
6076, 5
87997, 2
79816, 1
55246, 4
88018, 1
88037, 14
88036, 11
964607, 2
989178, 3
989172, 9
989215, 4
88089, 3
989200, 7
63522, 5
63528, 3
63530, 1
71731, 9
6196, 5
88116, 2
63541, 2
63543, 13
63545, 5
63550, 13
6206, 4
88147, 7
88148, 10
88152, 1
964693, 5
6237, 4
6238, 4
79966, 4
989292, 8
989291, 8
964714, 1
989290, 2
989289, 3
989288, 7
989287, 8
79986, 6
88183, 8
88185, 10
88186, 1
88188, 3
80003, 12
80004, 4
14472, 3
14474, 5
88205, 12
80015, 5
80014, 9
80017, 5
14480, 13
964767, 3
14481, 6
14483, 3
14484, 12
14486, 16
80022, 4
14487, 3
6296, 2
14489, 8
80024, 7
14490, 9
14493, 1
14495, 2
14498, 13
80034, 6
14501, 10
80045, 6
6316, 7
14512, 5
14513, 3
915646, 4
981176, 12
981177, 8
80058, 6
80060, 9
63687, 2
63691, 3
71886, 5
55504, 3
55506, 5
88282, 5
71902, 1
80096, 3
88291, 15
88290, 2
88294, 4
88297, 3
88296, 7
88298, 13
71917, 5
915708, 1
63730, 2
88310, 11
63740, 8
63741, 2
22783, 5
22784, 9
80128, 8
22786, 7
22787, 3
80130, 2
22788, 10
940299, 3
63752, 8
80136, 9
63755, 7
80141, 7
88332, 2
80143, 7
80145, 3
80144, 4
80148, 6
63765, 5
940308, 14
989458, 1
80159, 4
63781, 10
80166, 3
63792, 12
63798, 7
964916, 1
63810, 3
63812, 9
63825, 7
964947, 10
80236, 12
22897, 12
63894, 8
915863, 15
915862, 1
80295, 11
80296, 10
989624, 5
31167, 8
989644, 8
915913, 3
956875, 1
80326, 7
989640, 14
80332, 6
14806, 4
63959, 2
88536, 1
63963, 3
88540, 3
915920, 5
88548, 2
915944, 2
31207, 3
31208, 15
88556, 8
965118, 6
64000, 11
915980, 4
88582, 1
88585, 13
64009, 15
64011, 9
989699, 1
80396, 11
64017, 14
88592, 3
88602, 9
915987, 6
80422, 15
39466, 3
916002, 6
80437, 4
39476, 8
80438, 14
80440, 11
80447, 5
31296, 4
80457, 6
80456, 11
80458, 5
80462, 8
88668, 3
80483, 3
80482, 4
80485, 1
80484, 1
80487, 1
80486, 4
80489, 7
80488, 1
965220, 4
965221, 5
80498, 1
973435, 3
64121, 2
39555, 2
88709, 1
989834, 2
64135, 4
989832, 3
64136, 15
64138, 1
64147, 2
80530, 1
39577, 1
965269, 15
965266, 10
965264, 1
47776, 4
72355, 3
88741, 4
72356, 6
47782, 3
47785, 4
47786, 4
47788, 1
72364, 5
39597, 5
47790, 14
39606, 15
39607, 12
39608, 9
80571, 6
39611, 1
88767, 8
47806, 2
88766, 1
80574, 2
80577, 7
80576, 10
88768, 6
80578, 8
80580, 15
56006, 1
80589, 8
88780, 2
80591, 3
39648, 8
72417, 7
39650, 2
39659, 14
23276, 2
23277, 6
31470, 8
23278, 5
31471, 3
31472, 2
31473, 7
31474, 6
39666, 2
31475, 6
72434, 9
47861, 4
47863, 4
47865, 5
64250, 6
88833, 2
39680, 6
72448, 5
31493, 3
72455, 6
88841, 8
965382, 3
39699, 9
39704, 9
39705, 2
39706, 10
39707, 1
72480, 9
39714, 6
72482, 6
39715, 15
932650, 2
39723, 12
39725, 1
80687, 11
80686, 2
72499, 12
72501, 5
72503, 4
973624, 6
72502, 16
72505, 3
72504, 7
39753, 12
39755, 15
15180, 7
39759, 3
64336, 4
6996, 3
6997, 3
6998, 8
39770, 11
39771, 2
39777, 18
940909, 4
64356, 5
88935, 3
56193, 2
56194, 10
56195, 5
56196, 3
15241, 2
15244, 11
56206, 5
15246, 3
80783, 16
15247, 5
15248, 4
39825, 8
924572, 3
39827, 2
924570, 4
39830, 16
15256, 2
39834, 5
39839, 11
64418, 9
31654, 4
31656, 4
31657, 6
31658, 7
39850, 7
39856, 2
31666, 7
64435, 5
64438, 7
64439, 10
64440, 6
39865, 4
89016, 18
39866, 2
80827, 1
80826, 12
39868, 4
39869, 4
39871, 3
15296, 1
39874, 8
89029, 6
39876, 2
89030, 1
39890, 5
39892, 3
48095, 8
48099, 4
48101, 6
48102, 8
31718, 12
31719, 5
48103, 1
48104, 3
48105, 9
64489, 6
48106, 15
48107, 2
48108, 5
39916, 8
39917, 24
39918, 4
39919, 11
64495, 1
39920, 8
64497, 12
39922, 4
48115, 1
48116, 3
89079, 3
48122, 8
89085, 3
64509, 14
64510, 1
64511, 3
916466, 10
64512, 1
64513, 12
39939, 16
89099, 2
941060, 2
39946, 9
48143, 5
39952, 5
64529, 4
48146, 2
72722, 6
48154, 4
72730, 6
72732, 7
89121, 6
48164, 5
990244, 9
48172, 3
89136, 1
89139, 6
48178, 5
48181, 6
48183, 2
48185, 3
64570, 4
64571, 7
64572, 3
64573, 11
48190, 1
89150, 8
48192, 13
89152, 1
40001, 1
89155, 10
89154, 4
64581, 18
40005, 3
40007, 2
23626, 18
89164, 7
64590, 8
64593, 4
89175, 2
40023, 3
89177, 5
40024, 5
64601, 3
89178, 10
89182, 13
89184, 2
89191, 1
64615, 3
89193, 1
89194, 11
89197, 9
64620, 10
89196, 7
89199, 1
89198, 1
40047, 4
40048, 6
72816, 12
89200, 1
900223, 5
64626, 1
40052, 10
40053, 5
89204, 8
89207, 6
900219, 4
89206, 14
89208, 7
31866, 7
64636, 16
40060, 4
89212, 2
89215, 13
40064, 9
900237, 3
89221, 6
64645, 5
40069, 4
900232, 3
40070, 18
900235, 2
40071, 10
40073, 10
900224, 1
89230, 5
89233, 1
89235, 7
89234, 5
89242, 8
23708, 12
40092, 5
998546, 7
64674, 7
64676, 9
15526, 3
40105, 1
40107, 11
40118, 13
15542, 4
916666, 1
89274, 8
40126, 6
89278, 1
72903, 11
64711, 8
89286, 3
64712, 6
72904, 5
64713, 1
64715, 8
64716, 3
900289, 16
916674, 5
64719, 5
72913, 4
72912, 16
64722, 9
72915, 11
15572, 2
72916, 4
40151, 5
64727, 4
40152, 6
40154, 5
40157, 17
15582, 2
64736, 1
941294, 8
81124, 4
64742, 5
81126, 6
15592, 1
48361, 14
64746, 6
89322, 7
990434, 2
64750, 6
64752, 6
89329, 5
72945, 7
64755, 2
15604, 9
31990, 14
15606, 9
40182, 3
64759, 5
72950, 7
31991, 3
72953, 17
40185, 4
64762, 1
40186, 3
89339, 7
72954, 6
64764, 2
900337, 10
40189, 5
64765, 4
40191, 17
64767, 7
40192, 1
15616, 2
40193, 7
15617, 9
15621, 12
64774, 2
64776, 12
15626, 6
15627, 2
15628, 8
23823, 11
15631, 1
23824, 9
23826, 7
23827, 15
23828, 7
64790, 2
941334, 3
81176, 6
64795, 5
15644, 4
15646, 2
15648, 6
40228, 1
40229, 3
15656, 1
89387, 2
15658, 13
89386, 6
15659, 1
15660, 9
81196, 3
89388, 9
64816, 4
15667, 12
89394, 6
40244, 9
81204, 7
81207, 12
81206, 2
81208, 8
15677, 1
40256, 4
15686, 3
64856, 1
64857, 1
73051, 9
64858, 13
56666, 10
73050, 12
56667, 2
73053, 3
73052, 1
64862, 5
73055, 3
73054, 6
64863, 2
15711, 8
64864, 2
64865, 3
40289, 12
64866, 14
89443, 4
64867, 4
73058, 9
64868, 11
89445, 2
40292, 7
64870, 3
89447, 5
40295, 2
89448, 9
40297, 9
89451, 12
40299, 5
89453, 7
15724, 2
64876, 8
64883, 2
64888, 5
40313, 7
15737, 7
15739, 2
40315, 17
64892, 3
89468, 3
40326, 7
40327, 3
64904, 4
40329, 4
40331, 2
89482, 2
64911, 4
89489, 9
64912, 1
64913, 1
64914, 7
990621, 9
64915, 4
900501, 6
89496, 4
64921, 9
64923, 7
64924, 5
15776, 5
15777, 9
916908, 3
916910, 2
966058, 6
64933, 9
40359, 3
966057, 4
916906, 10
64937, 8
64939, 8
40363, 6
966053, 4
941474, 3
89519, 14
73136, 8
73140, 7
89533, 5
56765, 5
89535, 5
56767, 16
56768, 3
15810, 5
40390, 10
15814, 4
40394, 4
15818, 1
933316, 3
40399, 2
64976, 5
40403, 2
64979, 12
15830, 2
56791, 16
40407, 5
56792, 8
56793, 5
64985, 7
64986, 1
40411, 8
56796, 5
56797, 6
56798, 7
900562, 8
89566, 10
89568, 9
56802, 13
56803, 10
64996, 3
56804, 2
56805, 1
32231, 6
32232, 10
89577, 10
32233, 2
32234, 7
32235, 13
89578, 3
32236, 5
32237, 8
32238, 3
89583, 4
15856, 4
89589, 5
73206, 18
65017, 5
56825, 5
15866, 5
56828, 2
40446, 3
81406, 1
40447, 13
65025, 10
40455, 2
56840, 10
89610, 12
56843, 5
908806, 4
15884, 1
56846, 6
89617, 1
15888, 11
40465, 9
56850, 4
15890, 9
917022, 5
89621, 4
89624, 4
40474, 2
89626, 9
40475, 2
89635, 6
65061, 6
56870, 3
15911, 10
40489, 6
65065, 16
65066, 12
89644, 1
89646, 2
15919, 13
40496, 2
40497, 11
40500, 3
48696, 8
48699, 6
89665, 6
65090, 12
15940, 9
982601, 8
89672, 10
89674, 5
900673, 1
15951, 9
900674, 18
40528, 8
65109, 7
48725, 7
24156, 1
24157, 7
24158, 7
933484, 5
65124, 9
65125, 2
65126, 1
65127, 11
15982, 5
65144, 1
73337, 2
40569, 8
40570, 4
15995, 11
73338, 8
40572, 3
56957, 17
56958, 6
40574, 9
40576, 11
81536, 2
900750, 5
933507, 9
40590, 6
40592, 11
40593, 5
40594, 9
40595, 9
40597, 1
40598, 5
40599, 15
40600, 3
966293, 7
40603, 9
40604, 7
65185, 1
40614, 1
65191, 9
65194, 3
32426, 10
65195, 1
40619, 16
40621, 3
65199, 1
65200, 2
40625, 2
16050, 8
89781, 1
65204, 3
40632, 1
89787, 1
89786, 4
40636, 3
89788, 25
40637, 5
65218, 2
89796, 8
40648, 5
40649, 4
89802, 7
65229, 2
65231, 2
40656, 14
65232, 9
40658, 5
65238, 13
73435, 9
57051, 11
917206, 3
40669, 8
65248, 4
16096, 16
89824, 11
65251, 2
65252, 9
65253, 8
65254, 1
40678, 11
65256, 1
65257, 2
65258, 15
40682, 12
982756, 1
65259, 4
89837, 4
65260, 3
89836, 5
73452, 13
40686, 10
57070, 9
89838, 2
73456, 8
40691, 17
40694, 9
89846, 1
57090, 8
941836, 1
57092, 15
89879, 1
89882, 6
65307, 1
89885, 4
89887, 3
57120, 5
89889, 7
57125, 3
73508, 2
57129, 1
73517, 10
73516, 5
73526, 16
57144, 2
57148, 5
73533, 6
89916, 3
57150, 6
16196, 7
57157, 12
57158, 17
57161, 5
57168, 1
57169, 18
57174, 5
57176, 11
89946, 7
57179, 10
57180, 4
57181, 8
73571, 13
40804, 4
89956, 11
73574, 1
73577, 12
40810, 5
57201, 5
40821, 2
73596, 8
24451, 6
24453, 5
24454, 8
73607, 3
24456, 1
24457, 8
40841, 3
24458, 2
40845, 6
40849, 13
24466, 2
65426, 2
40853, 2
73624, 2
901037, 8
73645, 2
901025, 13
901050, 5
57274, 3
49083, 13
49084, 2
57276, 11
49086, 5
991176, 15
901061, 10
40909, 20
73685, 4
73684, 6
40917, 8
966615, 6
40926, 17
40930, 5
73702, 7
40939, 6
901088, 7
40945, 1
73715, 10
40946, 5
40949, 1
73721, 15
73720, 9
40956, 3
40957, 1
65534, 4
